1
   LCPFCT Test # 4 - FAST2D Barrel Explosion:  Step =   1
      64 x 64 Uniform Grid.  Time=  0.0000E+00 and   DT =  1.2500E-09

 Fluid variables on selected lines 
 I, J    RHO axis VZ     PRE      RHO top  VR     PRE      RHO wall VZ     PRE 

  1    100.00    0.00 1000.00     1.00    0.00    1.00     1.00    0.00    1.00
  2    100.00    0.00 1000.00     1.00    0.00    1.00     1.00    0.00    1.00
  3    100.00    0.00 1000.00     1.00    0.00    1.00     1.00    0.00    1.00
  4    100.00    0.00 1000.00     1.00    0.00    1.00     1.00    0.00    1.00
  5    100.00    0.00 1000.00     1.00    0.00    1.00     1.00    0.00    1.00
  6    100.00    0.00 1000.00     1.00    0.00    1.00     1.00    0.00    1.00
  7    100.00    0.00 1000.00     1.00    0.00    1.00     1.00    0.00    1.00
  8    100.00    0.00 1000.00     1.00    0.00    1.00     1.00    0.00    1.00
  9    100.00    0.00 1000.00     1.00    0.00    1.00     1.00    0.00    1.00
 10    100.00    0.00 1000.00     1.00    0.00    1.00     1.00    0.00    1.00
 11      1.00    0.00    1.00     1.00    0.00    1.00     1.00    0.00    1.00
 12      1.00    0.00    1.00     1.00    0.00    1.00     1.00    0.00    1.00
 13      1.00    0.00    1.00     1.00    0.00    1.00     1.00    0.00    1.00
 14      1.00    0.00    1.00     1.00    0.00    1.00     1.00    0.00    1.00
 15      1.00    0.00    1.00     1.00    0.00    1.00     1.00    0.00    1.00
 16      1.00    0.00    1.00     1.00    0.00    1.00     1.00    0.00    1.00
 17      1.00    0.00    1.00     1.00    0.00    1.00     1.00    0.00    1.00
 18      1.00    0.00    1.00     1.00    0.00    1.00     1.00    0.00    1.00
 19      1.00    0.00    1.00     1.00    0.00    1.00     1.00    0.00    1.00
 20      1.00    0.00    1.00     1.00    0.00    1.00     1.00    0.00    1.00
 21      1.00    0.00    1.00     1.00    0.00    1.00     1.00    0.00    1.00
 22      1.00    0.00    1.00     1.00    0.00    1.00     1.00    0.00    1.00
 23      1.00    0.00    1.00     1.00    0.00    1.00     1.00    0.00    1.00
 24      1.00    0.00    1.00     1.00    0.00    1.00     1.00    0.00    1.00
 25      1.00    0.00    1.00     1.00    0.00    1.00     1.00    0.00    1.00
 26      1.00    0.00    1.00     1.00    0.00    1.00     1.00    0.00    1.00
 27      1.00    0.00    1.00     1.00    0.00    1.00     1.00    0.00    1.00
 28      1.00    0.00    1.00     1.00    0.00    1.00     1.00    0.00    1.00
 29      1.00    0.00    1.00     1.00    0.00    1.00     1.00    0.00    1.00
 30      1.00    0.00    1.00     1.00    0.00    1.00     1.00    0.00    1.00
 31      1.00    0.00    1.00     1.00    0.00    1.00     1.00    0.00    1.00
 32      1.00    0.00    1.00     1.00    0.00    1.00     1.00    0.00    1.00
 33      1.00    0.00    1.00     1.00    0.00    1.00     1.00    0.00    1.00
 34      1.00    0.00    1.00     1.00    0.00    1.00     1.00    0.00    1.00
 35      1.00    0.00    1.00     1.00    0.00    1.00     1.00    0.00    1.00
 36      1.00    0.00    1.00     1.00    0.00    1.00     1.00    0.00    1.00
 37      1.00    0.00    1.00     1.00    0.00    1.00     1.00    0.00    1.00
 38      1.00    0.00    1.00     1.00    0.00    1.00     1.00    0.00    1.00
 39      1.00    0.00    1.00     1.00    0.00    1.00     1.00    0.00    1.00
 40      1.00    0.00    1.00     1.00    0.00    1.00     1.00    0.00    1.00
 41      1.00    0.00    1.00     1.00    0.00    1.00     1.00    0.00    1.00
 42      1.00    0.00    1.00     1.00    0.00    1.00     1.00    0.00    1.00
 43      1.00    0.00    1.00     1.00    0.00    1.00     1.00    0.00    1.00
 44      1.00    0.00    1.00     1.00    0.00    1.00     1.00    0.00    1.00
 45      1.00    0.00    1.00     1.00    0.00    1.00     1.00    0.00    1.00
 46      1.00    0.00    1.00     1.00    0.00    1.00     1.00    0.00    1.00
 47      1.00    0.00    1.00     1.00    0.00    1.00     1.00    0.00    1.00
 48      1.00    0.00    1.00     1.00    0.00    1.00     1.00    0.00    1.00
 49      1.00    0.00    1.00     1.00    0.00    1.00     1.00    0.00    1.00
 50      1.00    0.00    1.00     1.00    0.00    1.00     1.00    0.00    1.00
 51      1.00    0.00    1.00     1.00    0.00    1.00     1.00    0.00    1.00
 52      1.00    0.00    1.00     1.00    0.00    1.00     1.00    0.00    1.00
 53      1.00    0.00    1.00     1.00    0.00    1.00     1.00    0.00    1.00
 54      1.00    0.00    1.00     1.00    0.00    1.00     1.00    0.00    1.00
 55      1.00    0.00    1.00     1.00    0.00    1.00     1.00    0.00    1.00
 56      1.00    0.00    1.00     1.00    0.00    1.00     1.00    0.00    1.00
 57      1.00    0.00    1.00     1.00    0.00    1.00     1.00    0.00    1.00
 58      1.00    0.00    1.00     1.00    0.00    1.00     1.00    0.00    1.00
 59      1.00    0.00    1.00     1.00    0.00    1.00     1.00    0.00    1.00
 60      1.00    0.00    1.00     1.00    0.00    1.00     1.00    0.00    1.00
 61      1.00    0.00    1.00     1.00    0.00    1.00     1.00    0.00    1.00
 62      1.00    0.00    1.00     1.00    0.00    1.00     1.00    0.00    1.00
 63      1.00    0.00    1.00     1.00    0.00    1.00     1.00    0.00    1.00
 64      1.00    0.00    1.00     1.00    0.00    1.00     1.00    0.00    1.00

1
   LCPFCT Test # 4 - FAST2D Barrel Explosion:  Step =  26
      64 x 64 Uniform Grid.  Time=  1.2420E-06 and   DT =  2.0000E-07

 Fluid variables on selected lines 
 I, J    RHO axis VZ     PRE      RHO top  VR     PRE      RHO wall VZ     PRE 

  1    100.00   -0.00 1000.00     1.00    0.00    1.00     1.00   -0.00    1.00
  2    100.00   -0.00 1000.00     1.00    0.00    1.00     1.00   -0.00    1.00
  3    100.00    0.00 1000.00     1.00    0.00    1.00     1.00   -0.00    1.00
  4    100.00    0.00  999.98     1.00    0.00    1.00     1.00   -0.00    1.00
  5    100.00    0.15  999.98     1.00    0.00    1.00     1.00   -0.00    1.00
  6     99.89    0.14  998.41     1.00    0.00    1.00     1.00   -0.00    1.00
  7     99.89    8.13  998.39     1.00    0.00    1.00     1.00   -0.00    1.00
  8     95.53   13.52  938.30     1.00    0.00    1.00     1.00   -0.00    1.00
  9     91.97  175.35  878.26     1.00    0.00    1.00     1.00    0.00    1.00
 10     71.77  330.22  681.93     1.00    0.00    1.00     1.00   -0.00    1.00
 11     24.16  972.37  201.07     1.00    0.00    1.00     1.00   -0.00    1.00
 12     12.70 1659.73   77.59     1.00    0.00    1.00     1.00    0.00    1.00
 13      6.94 1573.38   11.06     1.00    0.00    1.00     1.00    0.00    1.00
 14      1.17   -0.64    0.94     1.00    0.00    1.00     1.00   -0.00    1.00
 15      1.00   -3.72    0.93     1.00    0.00    1.00     1.00   -0.00    1.00
 16      1.00   -3.72    0.97     1.00    0.00    1.00     1.00   -0.00    1.00
 17      1.00   -0.49    1.00     1.00    0.00    1.00     1.00    0.00    1.00
 18      1.00   -0.00    1.00     1.00   -0.00    1.00     1.00    0.00    1.00
 19      1.00   -0.00    1.00     1.00   -0.00    1.00     1.00    0.00    1.00
 20      1.00   -0.00    1.00     1.00   -0.00    1.00     1.00    0.00    1.00
 21      1.00    0.00    1.00     1.00   -0.00    1.00     1.00    0.00    1.00
 22      1.00    0.00    1.00     1.00   -0.00    1.00     1.00    0.00    1.00
 23      1.00    0.00    1.00     1.00    0.00    1.00     1.00    0.00    1.00
 24      1.00    0.00    1.00     1.00    0.00    1.00     1.00    0.00    1.00
 25      1.00    0.00    1.00     1.00    0.00    1.00     1.00    0.00    1.00
 26      1.00    0.00    1.00     1.00    0.00    1.00     1.00    0.00    1.00
 27      1.00    0.00    1.00     1.00    0.00    1.00     1.00    0.00    1.00
 28      1.00    0.00    1.00     1.00   -0.00    1.00     1.00    0.00    1.00
 29      1.00    0.00    1.00     1.00   -0.00    1.00     1.00    0.00    1.00
 30      1.00    0.00    1.00     1.00   -0.00    1.00     1.00    0.00    1.00
 31      1.00    0.00    1.00     1.00   -0.00    1.00     1.00    0.00    1.00
 32      1.00    0.00    1.00     1.00   -0.00    1.00     1.00    0.00    1.00
 33      1.00    0.00    1.00     1.00   -0.00    1.00     1.00    0.00    1.00
 34      1.00    0.00    1.00     1.00   -0.00    1.00     1.00    0.00    1.00
 35      1.00    0.00    1.00     1.00   -0.00    1.00     1.00    0.00    1.00
 36      1.00    0.00    1.00     1.00    0.00    1.00     1.00    0.00    1.00
 37      1.00    0.00    1.00     1.00    0.00    1.00     1.00    0.00    1.00
 38      1.00    0.00    1.00     1.00    0.00    1.00     1.00    0.00    1.00
 39      1.00    0.00    1.00     1.00    0.00    1.00     1.00    0.00    1.00
 40      1.00    0.00    1.00     1.00    0.00    1.00     1.00    0.00    1.00
 41      1.00    0.00    1.00     1.00    0.00    1.00     1.00    0.00    1.00
 42      1.00    0.00    1.00     1.00    0.00    1.00     1.00    0.00    1.00
 43      1.00    0.00    1.00     1.00    0.00    1.00     1.00    0.00    1.00
 44      1.00    0.00    1.00     1.00   -0.00    1.00     1.00    0.00    1.00
 45      1.00    0.00    1.00     1.00   -0.00    1.00     1.00    0.00    1.00
 46      1.00    0.00    1.00     1.00   -0.00    1.00     1.00    0.00    1.00
 47      1.00    0.00    1.00     1.00   -0.00    1.00     1.00    0.00    1.00
 48      1.00    0.00    1.00     1.00    0.00    1.00     1.00    0.00    1.00
 49      1.00    0.00    1.00     1.00    0.00    1.00     1.00    0.00    1.00
 50      1.00    0.00    1.00     1.00    0.00    1.00     1.00    0.00    1.00
 51      1.00    0.00    1.00     1.00    0.00    1.00     1.00    0.00    1.00
 52      1.00    0.00    1.00     1.00   -0.00    1.00     1.00    0.00    1.00
 53      1.00    0.00    1.00     1.00   -0.00    1.00     1.00    0.00    1.00
 54      1.00    0.00    1.00     1.00   -0.00    1.00     1.00    0.00    1.00
 55      1.00    0.00    1.00     1.00   -0.00    1.00     1.00    0.00    1.00
 56      1.00    0.00    1.00     1.00   -0.00    1.00     1.00    0.00    1.00
 57      1.00    0.00    1.00     1.00    0.00    1.00     1.00    0.00    1.00
 58      1.00    0.00    1.00     1.00    0.00    1.00     1.00    0.00    1.00
 59      1.00    0.00    1.00     1.00    0.00    1.00     1.00    0.00    1.00
 60      1.00    0.00    1.00     1.00    0.00    1.00     1.00    0.00    1.00
 61      1.00    0.00    1.00     1.00    0.00    1.00     1.00    0.00    1.00
 62      1.00    0.00    1.00     1.00    0.00    1.00     1.00    0.00    1.00
 63      1.00    0.00    1.00     1.00    0.00    1.00     1.00    0.00    1.00
 64      1.00    0.00    1.00     1.00    0.00    1.00     1.00    0.00    1.00

1
   LCPFCT Test # 4 - FAST2D Barrel Explosion:  Step =  51
      64 x 64 Uniform Grid.  Time=  6.2420E-06 and   DT =  2.0000E-07

 Fluid variables on selected lines 
 I, J    RHO axis VZ     PRE      RHO top  VR     PRE      RHO wall VZ     PRE 

  1     99.18    3.15  988.47     1.00    0.00    1.00     1.00   -0.00    1.00
  2     98.40    3.57  977.57     1.00    0.00    1.00     1.00   -0.00    1.00
  3     97.28   52.89  961.98     1.00    0.00    1.00     1.00   -0.00    1.00
  4     90.30   91.36  866.93     1.00    0.00    1.00     1.00   -0.00    1.00
  5     83.00  178.93  770.62     1.00    0.00    1.00     1.00   -0.00    1.00
  6     76.24  294.63  687.36     1.00    0.00    1.00     1.00   -0.00    1.00
  7     69.89  386.12  596.81     1.00    0.00    1.00     1.00   -0.00    1.00
  8     59.10  458.18  496.04     1.00    0.00    1.00     1.00   -0.00    1.00
  9     56.54  588.22  444.41     1.00    0.00    1.00     1.00   -0.00    1.00
 10     51.44  678.72  388.14     1.00    0.00    1.00     1.00   -0.00    1.00
 11     40.65  858.90  283.85     1.00    0.00    1.00     1.00   -0.00    1.00
 12     32.65 1033.33  217.16     1.00    0.00    1.00     1.00    0.00    1.00
 13     25.97 1167.66  171.11     1.00    0.00    1.00     1.00    0.00    1.00
 14     21.11 1290.09  132.05     1.00    0.00    1.00     1.00   -0.00    1.00
 15     18.63 1401.41  115.04     1.00    0.00    1.00     1.00   -0.00    1.00
 16     17.23 1509.56  108.50     1.00    0.00    1.00     1.00   -0.00    1.00
 17     15.28 1669.54   83.30     1.00    0.00    1.00     1.00    0.00    1.00
 18     12.36 1681.84   68.85     1.00   -0.00    1.00     1.00    0.00    1.00
 19     10.62 1776.13   63.92     1.00   -0.00    1.00     1.00    0.00    1.00
 20     10.28 1834.29   61.25     1.00   -0.00    1.00     1.00    0.00    1.00
 21     10.06 1876.71   59.81     1.00   -0.00    1.00     1.00    0.00    1.00
 22      9.84 1917.21   57.85     1.00   -0.00    1.00     1.00    0.00    1.00
 23      6.58 2207.83   37.39     1.00    0.00    1.00     1.00    0.00    1.00
 24      1.36  523.40    7.00     1.00    0.00    1.00     1.00    0.00    1.00
 25      1.00    0.03    1.00     1.00    0.00    1.00     1.00    0.00    1.00
 26      1.00   -0.00    1.00     1.00    0.00    1.00     1.00    0.00    1.00
 27      1.00   -0.00    1.00     1.00    0.00    1.00     1.00    0.00    1.00
 28      1.00   -0.00    1.00     1.00   -0.00    1.00     1.00    0.00    1.00
 29      1.00    0.00    1.00     1.00   -0.00    1.00     1.00    0.00    1.00
 30      1.00    0.00    1.00     1.00   -0.00    1.00     1.00    0.00    1.00
 31      1.00    0.00    1.00     1.00   -0.00    1.00     1.00    0.00    1.00
 32      1.00    0.00    1.00     1.00   -0.00    1.00     1.00    0.00    1.00
 33      1.00    0.00    1.00     1.00   -0.00    1.00     1.00    0.00    1.00
 34      1.00    0.00    1.00     1.00   -0.00    1.00     1.00    0.00    1.00
 35      1.00    0.00    1.00     1.00   -0.00    1.00     1.00    0.00    1.00
 36      1.00    0.00    1.00     1.00    0.00    1.00     1.00    0.00    1.00
 37      1.00    0.00    1.00     1.00    0.00    1.00     1.00    0.00    1.00
 38      1.00    0.00    1.00     1.00    0.00    1.00     1.00    0.00    1.00
 39      1.00    0.00    1.00     1.00    0.00    1.00     1.00    0.00    1.00
 40      1.00    0.00    1.00     1.00    0.00    1.00     1.00    0.00    1.00
 41      1.00    0.00    1.00     1.00    0.00    1.00     1.00    0.00    1.00
 42      1.00    0.00    1.00     1.00    0.00    1.00     1.00    0.00    1.00
 43      1.00    0.00    1.00     1.00    0.00    1.00     1.00    0.00    1.00
 44      1.00    0.00    1.00     1.00   -0.00    1.00     1.00    0.00    1.00
 45      1.00    0.00    1.00     1.00   -0.00    1.00     1.00    0.00    1.00
 46      1.00    0.00    1.00     1.00   -0.00    1.00     1.00    0.00    1.00
 47      1.00    0.00    1.00     1.00   -0.00    1.00     1.00    0.00    1.00
 48      1.00    0.00    1.00     1.00    0.00    1.00     1.00    0.00    1.00
 49      1.00    0.00    1.00     1.00    0.00    1.00     1.00    0.00    1.00
 50      1.00    0.00    1.00     1.00    0.00    1.00     1.00    0.00    1.00
 51      1.00    0.00    1.00     1.00    0.00    1.00     1.00    0.00    1.00
 52      1.00    0.00    1.00     1.00   -0.00    1.00     1.00    0.00    1.00
 53      1.00    0.00    1.00     1.00   -0.00    1.00     1.00    0.00    1.00
 54      1.00    0.00    1.00     1.00   -0.00    1.00     1.00    0.00    1.00
 55      1.00    0.00    1.00     1.00   -0.00    1.00     1.00    0.00    1.00
 56      1.00    0.00    1.00     1.00   -0.00    1.00     1.00    0.00    1.00
 57      1.00    0.00    1.00     1.00   -0.00    1.00     1.00    0.00    1.00
 58      1.00    0.00    1.00     1.00    0.00    1.00     1.00    0.00    1.00
 59      1.00    0.00    1.00     1.00    0.00    1.00     1.00    0.00    1.00
 60      1.00    0.00    1.00     1.00    0.00    1.00     1.00    0.00    1.00
 61      1.00    0.00    1.00     1.00    0.00    1.00     1.00    0.00    1.00
 62      1.00    0.00    1.00     1.00    0.00    1.00     1.00    0.00    1.00
 63      1.00    0.00    1.00     1.00    0.00    1.00     1.00    0.00    1.00
 64      1.00    0.00    1.00     1.00    0.00    1.00     1.00    0.00    1.00

1
   LCPFCT Test # 4 - FAST2D Barrel Explosion:  Step =  76
      64 x 64 Uniform Grid.  Time=  1.0818E-05 and   DT =  1.6420E-07

 Fluid variables on selected lines 
 I, J    RHO axis VZ     PRE      RHO top  VR     PRE      RHO wall VZ     PRE 

  1     74.74   22.04  669.55     1.00    0.00    1.00     1.00   -0.00    1.00
  2     73.15  150.30  646.27     1.00    0.00    1.00     1.00   -0.00    1.00
  3     71.07  264.99  615.02     1.00    0.00    1.00     1.00   -0.00    1.00
  4     69.55  334.46  607.01     1.00    0.00    1.00     1.00   -0.00    1.00
  5     64.00  422.96  529.22     1.00    0.00    1.00     1.00   -0.00    1.00
  6     60.61  467.34  502.13     1.00    0.00    1.00     1.00   -0.00    1.00
  7     57.42  576.95  461.79     1.00    0.00    1.00     1.00   -0.00    1.00
  8     53.75  629.40  416.69     1.00    0.00    1.00     1.00   -0.00    1.00
  9     48.64  695.23  363.13     1.00    0.00    1.00     1.00   -0.00    1.00
 10     45.47  745.95  336.43     1.00    0.00    1.00     1.00   -0.00    1.00
 11     41.11  845.91  293.93     1.00    0.00    1.00     1.00   -0.00    1.00
 12     36.61  949.91  248.62     1.00    0.00    1.00     1.00   -0.00    1.00
 13     33.18 1044.50  213.79     1.00    0.00    1.00     1.00    0.00    1.00
 14     30.08 1112.37  186.69     1.00    0.00    1.00     1.00   -0.00    1.00
 15     27.36 1187.70  162.52     1.00    0.00    1.00     1.00   -0.00    1.00
 16     25.04 1270.42  144.13     1.00    0.00    1.00     1.00   -0.00    1.00
 17     22.49 1344.72  127.49     1.00    0.00    1.00     1.00    0.00    1.00
 18     19.77 1398.93  110.74     1.00   -0.00    1.00     1.00    0.00    1.00
 19     17.74 1458.04   98.62     1.00   -0.00    1.00     1.00    0.00    1.00
 20     16.54 1540.79   91.96     1.00   -0.00    1.00     1.00    0.00    1.00
 21     15.22 1618.37   84.56     1.00   -0.00    1.00     1.00    0.00    1.00
 22     13.43 1664.05   73.82     1.00   -0.00    1.00     1.00    0.00    1.00
 23     11.90 1696.54   64.16     1.00    0.00    1.00     1.00    0.00    1.00
 24     11.07 1745.34   58.77     1.00    0.00    1.00     1.00    0.00    1.00
 25     10.69 1799.61   55.79     1.00    0.00    1.00     1.00    0.00    1.00
 26     10.37 1852.43   53.40     1.00    0.00    1.00     1.00    0.00    1.00
 27      9.75 1895.51   49.67     1.00    0.00    1.00     1.00    0.00    1.00
 28      9.20 1906.23   49.86     1.00   -0.00    1.00     1.00    0.00    1.00
 29      9.11 1918.77   49.58     1.00   -0.00    1.00     1.00    0.00    1.00
 30      9.11 1923.22   49.17     1.00   -0.00    1.00     1.00    0.00    1.00
 31      9.10 1926.07   47.78     1.00   -0.00    1.00     1.00    0.00    1.00
 32      8.94 1883.37   47.66     1.00   -0.00    1.00     1.00    0.00    1.00
 33      5.89 1955.57   65.92     1.00   -0.00    1.00     1.00    0.00    1.00
 34      1.92 1433.75   48.01     1.00   -0.00    1.00     1.00    0.00    1.00
 35      1.02    1.26    1.01     1.00   -0.00    1.00     1.00    0.00    1.00
 36      1.00    0.00    1.00     1.00    0.00    1.00     1.00    0.00    1.00
 37      1.00    0.00    1.00     1.00    0.00    1.00     1.00    0.00    1.00
 38      1.00   -0.00    1.00     1.00    0.00    1.00     1.00    0.00    1.00
 39      1.00   -0.00    1.00     1.00    0.00    1.00     1.00    0.00    1.00
 40      1.00    0.00    1.00     1.00    0.00    1.00     1.00    0.00    1.00
 41      1.00    0.00    1.00     1.00    0.00    1.00     1.00    0.00    1.00
 42      1.00    0.00    1.00     1.00    0.00    1.00     1.00    0.00    1.00
 43      1.00    0.00    1.00     1.00    0.00    1.00     1.00    0.00    1.00
 44      1.00    0.00    1.00     1.00   -0.00    1.00     1.00    0.00    1.00
 45      1.00    0.00    1.00     1.00   -0.00    1.00     1.00    0.00    1.00
 46      1.00    0.00    1.00     1.00   -0.00    1.00     1.00    0.00    1.00
 47      1.00    0.00    1.00     1.00   -0.00    1.00     1.00    0.00    1.00
 48      1.00    0.00    1.00     1.00    0.00    1.00     1.00    0.00    1.00
 49      1.00    0.00    1.00     1.00    0.00    1.00     1.00    0.00    1.00
 50      1.00    0.00    1.00     1.00    0.00    1.00     1.00    0.00    1.00
 51      1.00    0.00    1.00     1.00    0.00    1.00     1.00    0.00    1.00
 52      1.00    0.00    1.00     1.00   -0.00    1.00     1.00    0.00    1.00
 53      1.00    0.00    1.00     1.00   -0.00    1.00     1.00    0.00    1.00
 54      1.00    0.00    1.00     1.00   -0.00    1.00     1.00    0.00    1.00
 55      1.00    0.00    1.00     1.00   -0.00    1.00     1.00    0.00    1.00
 56      1.00    0.00    1.00     1.00   -0.00    1.00     1.00    0.00    1.00
 57      1.00    0.00    1.00     1.00   -0.00    1.00     1.00    0.00    1.00
 58      1.00    0.00    1.00     1.00    0.00    1.00     1.00    0.00    1.00
 59      1.00    0.00    1.00     1.00    0.00    1.00     1.00    0.00    1.00
 60      1.00    0.00    1.00     1.00    0.00    1.00     1.00    0.00    1.00
 61      1.00    0.00    1.00     1.00    0.00    1.00     1.00    0.00    1.00
 62      1.00    0.00    1.00     1.00    0.00    1.00     1.00    0.00    1.00
 63      1.00    0.00    1.00     1.00    0.00    1.00     1.00    0.00    1.00
 64      1.00    0.00    1.00     1.00    0.00    1.00     1.00    0.00    1.00

1
   LCPFCT Test # 4 - FAST2D Barrel Explosion:  Step = 101
      64 x 64 Uniform Grid.  Time=  1.4875E-05 and   DT =  1.5653E-07

 Fluid variables on selected lines 
 I, J    RHO axis VZ     PRE      RHO top  VR     PRE      RHO wall VZ     PRE 

  1     49.78   38.21  381.02     1.00    0.00    1.00     1.00   -0.00    1.00
  2     49.55  129.34  377.36     1.00    0.00    1.00     1.00   -0.00    1.00
  3     49.64  224.24  375.27     1.00    0.00    1.00     1.00   -0.00    1.00
  4     49.64  295.25  371.74     1.00    0.00    1.00     1.00   -0.00    1.00
  5     48.28  383.12  363.53     1.00    0.00    1.00     1.00   -0.00    1.00
  6     48.14  469.96  355.16     1.00    0.00    1.00     1.00   -0.00    1.00
  7     47.64  549.98  348.52     1.00    0.00    1.00     1.00   -0.00    1.00
  8     46.28  626.98  338.98     1.00    0.00    1.00     1.00   -0.00    1.00
  9     44.27  698.68  329.45     1.00    0.00    1.00     1.00   -0.00    1.00
 10     42.86  764.14  306.12     1.00    0.00    1.00     1.00   -0.00    1.00
 11     40.82  840.25  285.02     1.00    0.00    1.00     1.00   -0.00    1.00
 12     37.84  913.31  259.23     1.00    0.00    1.00     1.00   -0.00    1.00
 13     35.05  986.17  232.55     1.00    0.00    1.00     1.00   -0.00    1.00
 14     32.63 1053.68  210.90     1.00    0.00    1.00     1.00   -0.00    1.00
 15     30.35 1109.03  192.50     1.00    0.00    1.00     1.00   -0.00    1.00
 16     28.31 1162.51  174.22     1.00    0.00    1.00     1.00   -0.00    1.00
 17     26.40 1212.08  156.97     1.00    0.00    1.00     1.00    0.00    1.00
 18     24.69 1264.51  142.28     1.00   -0.00    1.00     1.00    0.00    1.00
 19     23.37 1325.08  131.19     1.00   -0.00    1.00     1.00    0.00    1.00
 20     22.18 1384.42  121.18     1.00   -0.00    1.00     1.00    0.00    1.00
 21     20.59 1428.56  109.43     1.00   -0.00    1.00     1.00    0.00    1.00
 22     18.78 1463.24   97.42     1.00   -0.00    1.00     1.00    0.00    1.00
 23     17.29 1510.26   89.18     1.00    0.00    1.00     1.00    0.00    1.00
 24     16.30 1576.27   84.42     1.00    0.00    1.00     1.00    0.00    1.00
 25     15.22 1628.41   78.37     1.00    0.00    1.00     1.00    0.00    1.00
 26     13.52 1659.87   69.87     1.00    0.00    1.00     1.00    0.00    1.00
 27     12.45 1698.37   62.60     1.00    0.00    1.00     1.00    0.00    1.00
 28     11.77 1723.36   58.24     1.00   -0.00    1.00     1.00    0.00    1.00
 29     10.98 1801.43   55.95     1.00   -0.00    1.00     1.00    0.00    1.00
 30     10.82 1827.82   55.08     1.00   -0.00    1.00     1.00    0.00    1.00
 31     10.53 1863.12   54.09     1.00   -0.00    1.00     1.00    0.00    1.00
 32      9.69 1874.07   48.95     1.00   -0.00    1.00     1.00    0.00    1.00
 33      9.20 1885.12   46.11     1.00   -0.00    1.00     1.00    0.00    1.00
 34      9.16 1885.38   46.25     1.00   -0.00    1.00     1.00    0.00    1.00
 35      9.17 1885.01   46.27     1.00   -0.00    1.00     1.00    0.00    1.00
 36      9.21 1875.72   48.76     1.00    0.00    1.00     1.00    0.00    1.00
 37      9.32 1881.31   51.21     1.00    0.00    1.00     1.00    0.00    1.00
 38      9.35 1879.97   51.61     1.00    0.00    1.00     1.00    0.00    1.00
 39      9.35 1879.94   51.62     1.00    0.00    1.00     1.00    0.00    1.00
 40      8.17 1792.24   50.75     1.00    0.00    1.00     1.00    0.00    1.00
 41      6.03 1810.86   53.18     1.00    0.00    1.00     1.00    0.00    1.00
 42      5.10 1918.94   53.49     1.00    0.00    1.00     1.00    0.00    1.00
 43      3.02 1807.84   75.29     1.00    0.00    1.00     1.00    0.00    1.00
 44      1.27  606.12    9.21     1.00   -0.00    1.00     1.00    0.00    1.00
 45      1.00    0.12    1.00     1.00   -0.00    1.00     1.00    0.00    1.00
 46      1.00    0.00    1.00     1.00   -0.00    1.00     1.00    0.00    1.00
 47      1.00   -0.00    1.00     1.00   -0.00    1.00     1.00    0.00    1.00
 48      1.00   -0.00    1.00     1.00    0.00    1.00     1.00    0.00    1.00
 49      1.00    0.00    1.00     1.00    0.00    1.00     1.00    0.00    1.00
 50      1.00    0.00    1.00     1.00    0.00    1.00     1.00    0.00    1.00
 51      1.00    0.00    1.00     1.00    0.00    1.00     1.00    0.00    1.00
 52      1.00    0.00    1.00     1.00   -0.00    1.00     1.00    0.00    1.00
 53      1.00    0.00    1.00     1.00   -0.00    1.00     1.00    0.00    1.00
 54      1.00    0.00    1.00     1.00   -0.00    1.00     1.00    0.00    1.00
 55      1.00    0.00    1.00     1.00   -0.00    1.00     1.00    0.00    1.00
 56      1.00    0.00    1.00     1.00   -0.00    1.00     1.00    0.00    1.00
 57      1.00    0.00    1.00     1.00   -0.00    1.00     1.00    0.00    1.00
 58      1.00    0.00    1.00     1.00    0.00    1.00     1.00    0.00    1.00
 59      1.00    0.00    1.00     1.00    0.00    1.00     1.00    0.00    1.00
 60      1.00    0.00    1.00     1.00    0.00    1.00     1.00    0.00    1.00
 61      1.00    0.00    1.00     1.00    0.00    1.00     1.00    0.00    1.00
 62      1.00    0.00    1.00     1.00    0.00    1.00     1.00    0.00    1.00
 63      1.00    0.00    1.00     1.00    0.00    1.00     1.00    0.00    1.00
 64      1.00    0.00    1.00     1.00    0.00    1.00     1.00    0.00    1.00

1
   LCPFCT Test # 4 - FAST2D Barrel Explosion:  Step = 151
      64 x 64 Uniform Grid.  Time=  2.3594E-05 and   DT =  2.0000E-07

 Fluid variables on selected lines 
 I, J    RHO axis VZ     PRE      RHO top  VR     PRE      RHO wall VZ     PRE 

  1     27.26   33.97  164.51     1.00   -0.00    1.00     1.00   -0.00    1.00
  2     27.36   78.65  165.10     1.00   -0.00    1.00     1.00   -0.00    1.00
  3     27.33  131.93  164.39     1.00    0.00    1.00     1.00   -0.00    1.00
  4     27.37  188.48  164.29     1.00    0.00    1.00     1.00   -0.00    1.00
  5     27.42  238.40  164.28     1.00    0.00    1.00     1.00   -0.00    1.00
  6     27.35  288.87  163.33     1.00    0.00    1.00     1.00   -0.00    1.00
  7     27.34  350.35  163.20     1.00    0.00    1.00     1.00   -0.00    1.00
  8     27.33  402.80  161.70     1.00    0.00    1.00     1.00   -0.00    1.00
  9     27.03  454.49  158.69     1.00    0.00    1.00     1.00   -0.00    1.00
 10     26.69  513.93  156.32     1.00    0.00    1.00     1.00   -0.00    1.00
 11     26.57  575.22  154.91     1.00   -0.00    1.00     1.00   -0.00    1.00
 12     26.31  634.03  151.90     1.00   -0.00    1.00     1.00   -0.00    1.00
 13     25.87  691.19  148.74     1.00   -0.00    1.00     1.00   -0.00    1.00
 14     25.25  747.05  145.39     1.00   -0.00    1.00     1.00   -0.00    1.00
 15     24.60  801.21  141.83     1.00    0.00    1.00     1.00   -0.00    1.00
 16     24.16  856.27  139.00     1.00    0.00    1.00     1.00   -0.00    1.00
 17     23.84  912.16  136.60     1.00    0.00    1.00     1.00    0.00    1.00
 18     23.51  964.14  133.57     1.00   -0.00    1.00     1.00    0.00    1.00
 19     23.25 1016.57  130.62     1.00   -0.00    1.00     1.00    0.00    1.00
 20     22.98 1069.57  127.70     1.00   -0.00    1.00     1.00    0.00    1.00
 21     22.51 1121.27  124.58     1.00   -0.00    1.00     1.00    0.00    1.00
 22     22.07 1174.27  121.88     1.00   -0.00    1.00     1.00    0.00    1.00
 23     21.64 1224.16  118.87     1.00    0.00    1.00     1.00    0.00    1.00
 24     21.05 1273.24  115.14     1.00    0.00    1.00     1.00    0.00    1.00
 25     20.49 1322.17  111.51     1.00    0.00    1.00     1.00    0.00    1.00
 26     20.02 1367.40  107.79     1.00    0.00    1.00     1.00    0.00    1.00
 27     19.50 1410.06  104.34     1.00    0.00    1.00     1.00    0.00    1.00
 28     18.95 1452.68  100.31     1.00   -0.00    1.00     1.00    0.00    1.00
 29     18.38 1496.86   93.40     1.00   -0.00    1.00     1.00    0.00    1.00
 30     17.71 1519.34   88.93     1.00   -0.00    1.00     1.00    0.00    1.00
 31     17.03 1550.72   84.67     1.00   -0.00    1.00     1.00    0.00    1.00
 32     16.54 1593.23   81.44     1.00   -0.00    1.00     1.00    0.00    1.00
 33     16.02 1640.87   77.32     1.00   -0.00    1.00     1.00    0.00    1.00
 34     15.23 1668.64   72.42     1.00   -0.00    1.00     1.00    0.00    1.00
 35     14.31 1683.97   66.29     1.00   -0.00    1.00     1.00    0.00    1.00
 36     13.46 1699.73   60.12     1.00   -0.00    1.00     1.00    0.00    1.00
 37     12.72 1727.05   57.78     1.00    0.00    1.00     1.00    0.00    1.00
 38     12.23 1771.63   56.58     1.00    0.00    1.00     1.00    0.00    1.00
 39     12.01 1802.74   55.10     1.00    0.00    1.00     1.00    0.00    1.00
 40     11.88 1818.48   54.48     1.00    0.00    1.00     1.00    0.00    1.00
 41     10.99 1833.31   49.63     1.00    0.00    1.00     1.00    0.00    1.00
 42      9.96 1841.36   46.04     1.00    0.00    1.00     1.00    0.00    1.00
 43      9.76 1866.32   45.45     1.00    0.00    1.00     1.00    0.00    1.00
 44      9.76 1869.14   46.14     1.00   -0.00    1.00     1.00    0.00    1.00
 45      9.75 1872.12   46.93     1.00   -0.00    1.00     1.00    0.00    1.00
 46      9.75 1870.26   47.15     1.00   -0.00    1.00     1.00    0.00    1.00
 47      9.63 1861.15   47.90     1.00    0.00    1.00     1.00    0.00    1.00
 48      9.34 1855.12   46.36     1.00    0.00    1.00     1.00    0.00    1.00
 49      9.16 1854.53   45.53     1.00    0.00    1.00     1.00    0.00    1.00
 50      8.94 1863.20   44.41     1.00    0.00    1.00     1.00    0.00    1.00
 51      8.50 1876.09   42.73     1.00    0.00    1.00     1.00    0.00    1.00
 52      8.18 1894.47   41.59     1.00   -0.00    1.00     1.00    0.00    1.00
 53      8.13 1903.37   41.33     1.00   -0.00    1.00     1.00    0.00    1.00
 54      8.11 1893.97   41.69     1.00   -0.00    1.00     1.00    0.00    1.00
 55      7.50 1932.58   36.15     1.00   -0.00    1.00     1.00    0.00    1.00
 56      6.32 1882.45   36.36     1.00   -0.00    1.00     1.00    0.00    1.00
 57      5.45 1907.17   38.02     1.00   -0.00    1.00     1.00    0.00    1.00
 58      4.85 1887.15   38.93     1.00    0.00    1.00     1.00    0.00    1.00
 59      4.50 1796.23   40.47     1.00    0.00    1.00     1.00    0.00    1.00
 60      4.37 1799.45   40.96     1.00    0.00    1.00     1.00    0.00    1.00
 61      4.51 1686.10   49.05     1.00    0.00    1.00     1.00    0.00    1.00
 62      2.96 1321.68   34.88     1.00    0.00    1.00     1.00    0.00    1.00
 63      1.04   85.99    0.99     1.00    0.00    1.00     1.00    0.00    1.00
 64      1.00    0.09    1.00     1.00    0.00    1.00     1.00    0.00    1.00

1
   LCPFCT Test # 4 - FAST2D Barrel Explosion:  Step = 201
      64 x 64 Uniform Grid.  Time=  3.3594E-05 and   DT =  2.0000E-07

 Fluid variables on selected lines 
 I, J    RHO axis VZ     PRE      RHO top  VR     PRE      RHO wall VZ     PRE 

  1     17.61   23.85   89.24     4.25   12.74   14.79     1.00   -0.00    1.00
  2     17.65   53.55   89.43     4.21   75.10   14.56     1.00   -0.00    1.00
  3     17.63   92.94   89.05     4.23  136.30   14.49     1.00   -0.00    1.00
  4     17.55  130.07   88.67     4.23  166.83   14.39     1.00   -0.00    1.00
  5     17.50  168.31   88.17     4.17  225.74   14.32     1.00   -0.00    1.00
  6     17.50  205.06   87.76     4.15  260.38   14.03     1.00   -0.00    1.00
  7     17.39  244.19   87.08     4.09  312.91   14.07     1.00   -0.00    1.00
  8     17.36  282.84   86.65     4.07  335.55   13.70     1.00   -0.00    1.00
  9     17.29  322.69   86.05     4.00  361.34   14.08     1.00   -0.00    1.00
 10     17.20  360.18   85.27     3.95  399.12   13.44     1.00   -0.00    1.00
 11     17.09  396.16   84.22     3.94  422.30   13.40     1.00   -0.00    1.00
 12     17.03  433.83   83.49     3.94  436.31   13.40     1.00   -0.00    1.00
 13     17.02  474.76   83.33     4.02  459.85   13.71     1.00   -0.00    1.00
 14     16.96  514.24   82.87     4.13  465.66   14.18     1.00   -0.00    1.00
 15     16.80  549.10   81.81     4.21  468.58   14.61     1.00   -0.00    1.00
 16     16.65  582.82   80.59     4.29  459.29   15.21     1.00   -0.00    1.00
 17     16.62  621.85   80.20     4.38  471.97   16.04     1.00    0.00    1.00
 18     16.62  663.41   80.13     4.41  472.38   16.16     1.00    0.00    1.00
 19     16.58  697.62   79.43     4.40  472.35   16.44     1.00    0.00    1.00
 20     16.42  735.60   78.75     4.33  480.01   16.42     1.00    0.00    1.00
 21     16.24  772.71   78.09     4.24  485.46   16.47     1.00    0.00    1.00
 22     16.03  808.32   77.21     4.20  468.51   16.45     1.00    0.00    1.00
 23     15.80  841.94   76.04     4.06  453.57   16.49     1.00    0.00    1.00
 24     15.62  877.31   75.16     3.45  511.79   16.41     1.00    0.00    1.00
 25     15.52  916.82   74.88     3.00  585.15   16.57     1.00    0.00    1.00
 26     15.39  953.84   74.24     2.85  636.95   16.87     1.00    0.00    1.00
 27     15.30  990.73   73.52     2.82  662.34   16.35     1.00    0.00    1.00
 28     15.30 1030.32   73.17     2.83  706.32   15.91     1.00    0.00    1.00
 29     15.21 1065.40   72.18     3.16  726.43   16.63     1.00    0.00    1.00
 30     15.04 1098.10   70.88     3.38  734.34   16.83     1.00    0.00    1.00
 31     14.92 1134.32   70.11     3.43  746.67   16.67     1.00    0.00    1.00
 32     14.77 1168.92   69.02     3.44  748.60   17.30     1.00    0.00    1.00
 33     14.57 1201.88   67.72     3.28  663.45    9.13     1.00    0.00    1.00
 34     14.44 1240.07   67.26     1.32  135.45    1.60     1.00    0.00    1.00
 35     14.26 1276.52   66.44     1.00    0.05    1.00     1.00    0.00    1.00
 36     14.07 1311.41   65.23     1.00   -0.00    1.00     1.00    0.00    1.00
 37     13.83 1346.00   63.71     1.00   -0.00    1.00     1.00    0.00    1.00
 38     13.60 1382.40   62.65     1.00   -0.00    1.00     1.00    0.00    1.00
 39     13.31 1411.64   61.25     1.00   -0.00    1.00     1.00    0.00    1.00
 40     13.06 1457.05   59.83     1.00    0.00    1.00     1.00    0.00    1.00
 41     12.90 1493.21   58.13     1.00    0.00    1.00     1.00    0.00    1.00
 42     12.60 1529.26   56.36     1.00    0.00    1.00     1.00    0.00    1.00
 43     12.27 1567.62   54.35     1.00    0.00    1.00     1.00    0.00    1.00
 44     11.95 1601.92   52.28     1.00   -0.00    1.00     1.00    0.00    1.00
 45     11.60 1637.24   49.97     1.00   -0.00    1.00     1.00    0.00    1.00
 46     11.21 1671.72   47.60     1.00   -0.00    1.00     1.00    0.00    1.00
 47     10.87 1705.48   45.51     1.00    0.00    1.00     1.00    0.00    1.00
 48     10.63 1740.22   43.70     1.00    0.00    1.00     1.00    0.00    1.00
 49     10.36 1774.60   41.82     1.00    0.00    1.00     1.00    0.00    1.00
 50      9.95 1804.53   39.68     1.00    0.00    1.00     1.00    0.00    1.00
 51      9.49 1830.25   37.21     1.00    0.00    1.00     1.00    0.00    1.00
 52      9.01 1852.48   34.34     1.00   -0.00    1.00     1.00    0.00    1.00
 53      8.45 1872.88   31.31     1.00   -0.00    1.00     1.00    0.00    1.00
 54      7.82 1894.67   28.68     1.00   -0.00    1.00     1.00    0.00    1.00
 55      7.30 1921.77   27.04     1.00   -0.00    1.00     1.00    0.00    1.00
 56      7.03 1957.14   26.06     1.00   -0.00    1.00     1.00    0.00    1.00
 57      6.91 1989.03   25.01     1.00   -0.00    1.00     1.00    0.00    1.00
 58      6.53 2004.72   23.16     1.00    0.00    1.00     1.00    0.00    1.00
 59      5.80 1993.07   20.07     1.00    0.00    1.00     1.00    0.00    1.00
 60      5.02 1968.52   17.17     1.00    0.00    1.00     1.00    0.00    1.00
 61      4.56 1985.02   15.62     1.00    0.00    1.00     1.00    0.00    1.00
 62      4.48 1997.24   15.26     1.00    0.00    1.00     1.00    0.00    1.00
 63      4.38 2027.93   14.91     1.00    0.00    1.00     1.00   -0.00    1.00
 64      4.25 2032.68   14.79     1.00    0.00    1.00     1.00   -0.00    1.00

1
   LCPFCT Test # 4 - FAST2D Barrel Explosion:  Step = 301
      64 x 64 Uniform Grid.  Time=  5.3513E-05 and   DT =  1.9143E-07

 Fluid variables on selected lines 
 I, J    RHO axis VZ     PRE      RHO top  VR     PRE      RHO wall VZ     PRE 

  1      9.67   15.72   38.66     1.77   11.78    3.64     1.00    0.00    1.00
  2      9.69   34.38   38.75     1.77   57.90    3.63     1.00    0.00    1.00
  3      9.69   58.77   38.70     1.78   89.73    3.65     1.00   -0.00    1.00
  4      9.70   81.18   38.72     1.78  127.35    3.65     1.00   -0.00    1.00
  5      9.72  105.44   38.69     1.78  155.83    3.63     1.00   -0.00    1.00
  6      9.73  128.23   38.79     1.78  201.70    3.59     1.00   -0.00    1.00
  7      9.73  152.53   38.71     1.79  240.78    3.56     1.00   -0.00    1.00
  8      9.73  174.45   38.69     1.79  268.64    3.50     1.00   -0.00    1.00
  9      9.72  197.36   38.62     1.72  293.47    3.51     1.00   -0.00    1.00
 10      9.73  222.84   38.76     1.69  338.22    3.37     1.00   -0.00    1.00
 11      9.73  243.02   38.57     1.70  389.05    3.29     1.00   -0.00    1.00
 12      9.73  267.97   38.62     1.70  394.75    3.26     1.00   -0.00    1.00
 13      9.73  288.98   38.50     1.68  438.90    3.40     1.00   -0.00    1.00
 14      9.71  312.89   38.48     1.68  482.10    3.26     1.00   -0.00    1.00
 15      9.71  334.60   38.35     1.63  510.39    3.06     1.00   -0.00    1.00
 16      9.70  358.07   38.37     1.52  547.58    2.98     1.00   -0.00    1.00
 17      9.70  381.32   38.31     1.46  582.81    2.75     1.00    0.00    1.00
 18      9.68  397.91   37.98     1.42  612.03    2.66     1.00    0.00    1.00
 19      9.67  426.03   38.23     1.35  646.61    2.50     1.00    0.00    1.00
 20      9.68  449.64   38.14     1.29  679.06    2.33     1.00    0.00    1.00
 21      9.64  463.86   37.84     1.23  711.85    2.18     1.00    0.00    1.00
 22      9.58  495.88   37.17     1.15  742.64    1.98     1.00    0.00    1.00
 23      9.43  515.80   36.81     1.08  766.25    1.80     1.00    0.00    1.00
 24      9.40  550.53   35.97     1.02  794.40    1.65     1.00    0.00    1.00
 25      9.40  568.54   35.48     0.96  824.08    1.53     1.00    0.00    1.00
 26      8.90  600.25   33.98     0.91  850.54    1.43     1.00    0.00    1.00
 27      8.72  625.28   33.23     0.85  878.14    1.32     1.00    0.00    1.00
 28      8.72  654.67   32.40     0.79  909.14    1.19     1.00    0.00    1.00
 29      8.31  688.48   30.32     0.76  937.22    1.11     1.00    0.00    1.00
 30      7.97  724.14   28.93     0.72  963.96    1.02     1.00    0.00    1.00
 31      7.92  730.60   28.83     0.67  986.48    0.94     1.00    0.00    1.00
 32      7.42  778.57   26.36     0.63 1017.51    0.86     1.00    0.00    1.00
 33      6.98  821.18   24.24     0.59 1037.70    0.77     1.00    0.00    1.00
 34      6.65  857.30   22.39     0.56 1062.78    0.70     1.00    0.00    1.00
 35      6.35  888.32   20.76     0.52 1104.04    0.65     1.00   -0.00    1.00
 36      5.99  917.82   19.17     0.46 1147.63    0.51     1.00   -0.00    1.00
 37      5.59  945.44   17.47     0.42 1151.03    0.47     1.00   -0.00    1.00
 38      5.25  971.78   15.90     0.40 1156.79    0.46     1.00   -0.00    1.00
 39      4.96  998.30   14.70     0.40 1153.15    0.47     1.00   -0.00    1.00
 40      4.70 1025.85   13.77     0.63  826.04    1.22     1.00   -0.00    1.00
 41      4.44 1052.85   12.86     1.43  470.83    4.15     1.00   -0.00    1.00
 42      4.19 1078.40   11.93     1.51  474.13    4.50     1.00   -0.00    1.00
 43      3.94 1103.30   11.00     1.60  455.95    4.80     1.00   -0.00    1.00
 44      3.71 1127.57   10.10     1.60  453.01    4.77     1.00   -0.00    1.00
 45      3.51 1150.91    9.30     1.61  452.69    5.31     1.00   -0.00    1.00
 46      3.33 1172.69    8.68     1.59  515.07    5.59     1.00   -0.00    1.00
 47      3.17 1196.01    8.20     1.59  542.31    5.63     1.00   -0.00    1.00
 48      3.01 1219.99    7.74     1.58  550.36    5.60     1.00   -0.00    1.00
 49      2.87 1240.90    7.26     1.71  626.36    5.33     1.00   -0.00    1.00
 50      2.74 1259.51    6.81     2.06  570.12    6.05     1.00   -0.00    1.00
 51      2.64 1278.88    6.39     2.15  555.94    6.13     1.00    0.00    1.00
 52      2.56 1299.28    6.05     2.49  596.79    6.58     1.00    0.00    1.00
 53      2.49 1318.58    5.77     2.96  646.01    7.77     1.00    0.00    1.00
 54      2.41 1335.96    5.50     3.18  649.96    7.97     1.00   -0.00    1.00
 55      2.33 1353.89    5.25     3.19  648.30    8.07     1.00   -0.00    1.00
 56      2.25 1373.26    5.05     3.20  648.27    8.12     1.00   -0.00    1.00
 57      2.20 1398.38    4.90     2.46  377.85    2.96     1.00   -0.00    1.00
 58      2.14 1418.08    4.70     1.03    0.25    1.00     1.00   -0.00    1.00
 59      2.05 1434.97    4.44     1.00    0.00    1.00     1.00   -0.00    1.00
 60      1.99 1450.63    4.24     1.00    0.00    1.00     1.00   -0.00    1.00
 61      1.93 1474.18    4.06     1.00    0.00    1.00     1.00   -0.00    1.00
 62      1.87 1482.43    3.98     1.00    0.00    1.00     1.00   -0.00    1.00
 63      1.79 1528.77    3.68     1.00    0.00    1.00     1.00   -0.00    1.00
 64      1.77 1545.29    3.64     1.00    0.00    1.00     1.00   -0.00    1.00

1
   LCPFCT Test # 4 - FAST2D Barrel Explosion:  Step = 401
      64 x 64 Uniform Grid.  Time=  7.3463E-05 and   DT =  2.0000E-07

 Fluid variables on selected lines 
 I, J    RHO axis VZ     PRE      RHO top  VR     PRE      RHO wall VZ     PRE 

  1      6.61   10.05   22.69     0.85   12.90    1.29     1.00    0.00    1.00
  2      6.62   23.40   22.72     0.85   39.10    1.29     1.00    0.00    1.00
  3      6.62   39.71   22.70     0.85   65.73    1.29     1.00   -0.00    1.00
  4      6.62   55.28   22.68     0.85   91.00    1.28     1.00   -0.00    1.00
  5      6.63   71.70   22.72     0.85  117.36    1.27     1.00   -0.00    1.00
  6      6.63   87.45   22.69     0.85  144.04    1.25     1.00   -0.00    1.00
  7      6.62  103.60   22.63     0.84  169.48    1.24     1.00   -0.00    1.00
  8      6.62  121.77   22.57     0.84  201.77    1.21     1.00   -0.00    1.00
  9      6.57  138.36   22.44     0.84  223.16    1.19     1.00   -0.00    1.00
 10      6.57  158.86   22.27     0.82  238.35    1.20     1.00   -0.00    1.00
 11      6.48  177.00   21.98     0.80  274.18    1.18     1.00   -0.00    1.00
 12      6.44  197.79   21.72     0.81  304.50    1.16     1.00   -0.00    1.00
 13      6.39  217.10   21.41     0.79  317.01    1.15     1.00   -0.00    1.00
 14      6.29  237.50   21.11     0.77  356.54    1.11     1.00   -0.00    1.00
 15      6.25  257.64   20.82     0.77  383.92    1.06     1.00   -0.00    1.00
 16      6.17  279.63   20.41     0.75  401.04    1.08     1.00   -0.00    1.00
 17      6.08  301.48   20.05     0.72  443.55    1.02     1.00    0.00    1.00
 18      5.98  325.60   19.54     0.71  471.72    0.99     1.00    0.00    1.00
 19      5.88  349.00   19.04     0.70  508.53    0.96     1.00    0.00    1.00
 20      5.73  373.44   18.36     0.69  527.05    0.92     1.00    0.00    1.00
 21      5.59  400.12   17.78     0.65  557.09    0.88     1.00    0.00    1.00
 22      5.43  426.99   17.09     0.61  593.64    0.80     1.00    0.00    1.00
 23      5.26  456.27   16.31     0.59  618.79    0.78     1.00    0.00    1.00
 24      5.08  481.66   15.41     0.57  644.30    0.76     1.00    0.00    1.00
 25      4.86  516.01   14.52     0.56  673.93    0.71     1.00   -0.00    1.00
 26      4.64  544.47   13.72     0.55  695.27    0.71     1.01   -1.16    1.01
 27      4.51  569.24   13.06     0.54  720.25    0.68     1.07  -13.69    1.11
 28      4.38  587.25   12.57     0.53  741.29    0.66     1.27  -41.79    1.45
 29      4.12  623.68   11.54     0.51  770.68    0.62     1.49  -76.05    1.88
 30      3.90  656.03   10.66     0.49  795.24    0.58     1.67 -102.09    2.24
 31      3.68  687.59    9.81     0.47  823.49    0.55     1.81 -118.12    2.51
 32      3.47  716.43    9.02     0.45  856.02    0.50     1.90 -129.39    2.70
 33      3.27  742.44    8.31     0.43  874.21    0.46     1.93 -132.25    2.79
 34      3.08  766.72    7.68     0.41  897.91    0.44     1.95 -131.86    2.83
 35      2.92  790.18    7.11     0.40  916.88    0.43     1.96 -131.27    2.86
 36      2.79  812.23    6.61     0.39  932.22    0.41     1.96 -130.55    2.88
 37      2.65  833.49    6.13     0.36  949.70    0.37     1.96 -127.03    2.87
 38      2.51  854.05    5.69     0.35  970.89    0.35     1.95 -123.83    2.86
 39      2.37  873.67    5.29     0.33 1000.39    0.33     1.92 -118.44    2.83
 40      2.24  892.19    4.92     0.30 1036.02    0.29     1.90 -111.76    2.80
 41      2.12  910.10    4.59     0.29 1044.55    0.27     1.88 -105.97    2.77
 42      2.02  927.49    4.30     0.27 1050.92    0.26     1.86  -98.94    2.73
 43      1.93  944.34    4.03     0.25 1081.72    0.23     1.83  -92.31    2.69
 44      1.85  960.60    3.78     0.24 1096.56    0.22     1.81  -85.19    2.65
 45      1.77  976.04    3.54     0.25 1097.17    0.22     1.78  -76.94    2.62
 46      1.69  990.19    3.31     0.21 1132.57    0.16     1.75  -71.15    2.58
 47      1.61 1004.57    3.10     0.16 1222.29    0.14     1.71  -67.05    2.56
 48      1.53 1019.33    2.91     0.14 1345.10    0.09     1.69  -65.35    2.56
 49      1.46 1034.40    2.74     0.15 1925.58   -0.41     1.69  -65.41    2.55
 50      1.39 1049.05    2.58     0.65  626.61    1.19     1.68  -65.79    2.56
 51      1.34 1064.99    2.44     0.68  588.34    1.34     1.66  -66.03    2.56
 52      1.28 1078.39    2.30     0.71  551.19    1.39     1.63  -65.05    2.55
 53      1.24 1091.68    2.17     0.85  461.74    2.03     1.61  -58.12    2.56
 54      1.19 1104.82    2.05     0.95  483.70    2.12     1.58  -58.29    2.55
 55      1.16 1119.01    1.96     0.96  482.62    2.13     1.56  -50.08    2.58
 56      1.12 1130.84    1.87     0.95  469.41    2.20     1.54  -50.97    2.60
 57      1.08 1140.17    1.77     0.97  455.66    2.47     1.54  -36.32    2.68
 58      1.04 1151.07    1.69     1.00  443.92    2.59     1.53  -36.84    2.68
 59      1.01 1166.65    1.62     1.03  434.61    2.63     1.53  -16.29    2.85
 60      0.98 1175.21    1.55     1.08  414.57    2.67     1.56  -12.00    2.86
 61      0.95 1196.59    1.47     1.25  385.12    2.82     1.58   10.99    3.02
 62      0.93 1196.44    1.45     1.24  387.73    2.81     1.58   10.61    3.02
 63      0.86 1230.94    1.30     1.58  421.68    3.15     1.64   49.05    3.26
 64      0.85 1230.98    1.29     1.66  439.01    3.32     1.66   53.29    3.32

1
   LCPFCT Test # 4 - FAST2D Barrel Explosion:  Step = 601
      64 x 64 Uniform Grid.  Time=  1.1346E-04 and   DT =  2.0000E-07

 Fluid variables on selected lines 
 I, J    RHO axis VZ     PRE      RHO top  VR     PRE      RHO wall VZ     PRE 

  1      3.40    8.40    8.95     0.36    7.51    0.39     1.81  -26.60    2.34
  2      3.40   25.97    8.94     0.36   33.58    0.39     1.79  -73.88    2.28
  3      3.39   43.51    8.93     0.37   49.98    0.39     1.42  -98.21    1.68
  4      3.39   60.42    8.90     0.36   71.58    0.39     1.43 -106.44    1.67
  5      3.38   78.13    8.87     0.36   91.03    0.38     1.39 -109.47    1.61
  6      3.37   96.21    8.81     0.36  115.56    0.38     1.37 -108.81    1.58
  7      3.36  114.42    8.76     0.36  133.37    0.37     1.35 -101.42    1.56
  8      3.34  131.73    8.69     0.35  156.91    0.37     1.34 -100.10    1.55
  9      3.30  150.30    8.59     0.34  174.66    0.36     1.31  -94.75    1.51
 10      3.28  167.04    8.48     0.34  202.09    0.35     1.29  -91.44    1.48
 11      3.24  186.15    8.33     0.34  218.15    0.34     1.28  -89.77    1.45
 12      3.21  203.27    8.21     0.33  241.14    0.33     1.27  -90.07    1.44
 13      3.15  222.44    8.03     0.33  259.85    0.33     1.26  -90.72    1.43
 14      3.11  241.23    7.87     0.32  277.11    0.32     1.25  -91.22    1.42
 15      3.06  260.87    7.69     0.31  304.51    0.31     1.24  -90.95    1.40
 16      3.01  278.31    7.49     0.30  316.47    0.30     1.22  -90.47    1.39
 17      2.95  299.51    7.28     0.30  347.49    0.29     1.21  -89.18    1.38
 18      2.89  318.55    7.10     0.28  374.39    0.26     1.19  -88.49    1.37
 19      2.82  341.98    6.87     0.27  395.75    0.26     1.18  -87.77    1.36
 20      2.75  360.44    6.62     0.27  418.81    0.25     1.17  -87.85    1.35
 21      2.69  383.90    6.38     0.27  420.99    0.25     1.16  -87.64    1.34
 22      2.62  404.22    6.17     0.26  439.67    0.25     1.14  -85.57    1.32
 23      2.54  428.52    5.90     0.24  485.18    0.21     1.12  -81.42    1.29
 24      2.42  450.75    5.52     0.23  505.43    0.20     1.11  -76.37    1.27
 25      2.36  471.45    5.32     0.22  526.01    0.19     1.09  -71.91    1.24
 26      2.30  484.51    5.17     0.22  537.32    0.19     1.07  -65.85    1.21
 27      2.14  522.28    4.65     0.21  553.75    0.18     1.05  -59.30    1.18
 28      2.01  553.04    4.26     0.21  566.94    0.18     1.03  -52.98    1.14
 29      1.90  577.94    3.94     0.20  584.65    0.17     1.01  -47.17    1.11
 30      1.80  601.54    3.65     0.20  603.58    0.16     0.98  -40.76    1.08
 31      1.71  623.91    3.39     0.19  626.06    0.15     0.96  -34.91    1.04
 32      1.62  645.09    3.15     0.18  648.40    0.14     0.94  -28.79    1.01
 33      1.53  665.17    2.92     0.17  666.17    0.13     0.92  -24.82    0.97
 34      1.45  684.15    2.71     0.17  679.47    0.13     0.90  -19.49    0.95
 35      1.37  701.96    2.50     0.16  695.76    0.12     0.87  -16.69    0.91
 36      1.30  718.98    2.32     0.15  722.42    0.11     0.85  -10.72    0.89
 37      1.23  735.89    2.14     0.15  739.37    0.11     0.81   -4.96    0.84
 38      1.16  752.60    1.99     0.14  754.43    0.10     0.79    1.22    0.81
 39      1.10  768.48    1.84     0.14  774.87    0.10     0.75    6.70    0.78
 40      1.04  783.18    1.70     0.13  794.12    0.09     0.71    9.83    0.75
 41      0.99  797.16    1.58     0.13  795.45    0.09     0.69   10.82    0.73
 42      0.94  810.38    1.46     0.12  811.03    0.08     0.64   11.53    0.70
 43      0.89  822.72    1.35     0.11  844.24    0.08     0.62    7.11    0.70
 44      0.84  834.54    1.26     0.11  848.04    0.08     0.60   -6.73    0.70
 45      0.80  845.84    1.17     0.11  850.53    0.08     0.56  -17.72    0.70
 46      0.76  856.59    1.09     0.11  892.02    0.06     0.56  -43.13    0.74
 47      0.72  867.73    1.02     0.10  914.00    0.05     0.55  -68.42    0.75
 48      0.69  878.57    0.95     0.10  920.22    0.05     0.52  -87.85    0.75
 49      0.66  888.98    0.89     0.10  919.99    0.06     0.48  -94.07    0.75
 50      0.63  898.12    0.84     0.10  907.74    0.06     0.45  -99.45    0.75
 51      0.60  907.71    0.78     0.09  895.91    0.07     0.45  -96.99    0.74
 52      0.57  917.46    0.73     0.08  970.81    0.05     0.43  -86.63    0.72
 53      0.55  926.92    0.69     0.08  994.49    0.04     0.42  -75.44    0.72
 54      0.52  934.56    0.65     0.08 1009.56    0.05     0.39  -59.25    0.72
 55      0.50  941.93    0.61     0.10  986.14    0.05     0.38  -43.38    0.72
 56      0.48  949.89    0.58     0.22  807.63    0.21     0.37  -32.88    0.72
 57      0.46  958.83    0.55     0.31  603.13    0.35     0.36   -9.77    0.71
 58      0.45  964.27    0.53     0.34  544.66    0.46     0.36   12.40    0.70
 59      0.43  973.25    0.49     0.36  516.48    0.50     0.33   40.43    0.65
 60      0.42  975.83    0.48     0.39  474.14    0.58     0.31  100.03    0.62
 61      0.40  991.53    0.44     0.39  471.31    0.59     0.23  156.95    0.52
 62      0.40  988.84    0.45     0.39  461.99    0.60     0.21  172.34    0.49
 63      0.37 1013.75    0.39     0.31  359.29    0.56     0.22  515.65    0.38
 64      0.36 1009.90    0.39     0.26  335.24    0.47     0.26  541.66    0.47

1
   LCPFCT Test # 4 - FAST2D Barrel Explosion:  Step = 801
      64 x 64 Uniform Grid.  Time=  1.5346E-04 and   DT =  2.0000E-07

 Fluid variables on selected lines 
 I, J    RHO axis VZ     PRE      RHO top  VR     PRE      RHO wall VZ     PRE 

  1      1.76    8.13    3.56     0.20    4.52    0.16     1.33    0.33    1.53
  2      1.76   21.80    3.56     0.20   31.61    0.16     1.33   -4.88    1.53
  3      1.76   37.38    3.55     0.20   48.07    0.16     1.35   -4.79    1.56
  4      1.75   52.41    3.55     0.20   68.97    0.16     1.36   -4.25    1.58
  5      1.75   67.47    3.54     0.20   82.12    0.16     1.36    0.41    1.58
  6      1.74   82.46    3.51     0.19  108.90    0.16     1.36    2.24    1.58
  7      1.74   98.09    3.50     0.19  126.04    0.16     1.36    8.88    1.58
  8      1.73  113.37    3.47     0.19  147.39    0.15     1.36   11.21    1.58
  9      1.72  128.56    3.44     0.19  165.11    0.15     1.34   17.33    1.56
 10      1.71  144.49    3.42     0.18  185.70    0.15     1.34   23.23    1.55
 11      1.70  161.00    3.38     0.18  199.28    0.14     1.32   29.09    1.52
 12      1.68  176.65    3.33     0.18  221.72    0.14     1.32   34.32    1.52
 13      1.66  193.83    3.27     0.17  237.60    0.14     1.30   39.43    1.51
 14      1.64  209.74    3.22     0.17  256.56    0.13     1.30   53.63    1.51
 15      1.62  228.93    3.16     0.17  274.72    0.13     1.25   58.03    1.46
 16      1.59  244.91    3.09     0.17  292.69    0.13     1.24   59.48    1.43
 17      1.56  264.00    3.00     0.16  308.39    0.12     1.17   62.83    1.34
 18      1.52  281.51    2.92     0.15  327.82    0.11     1.03   38.07    1.13
 19      1.50  303.77    2.84     0.15  358.56    0.11     0.89   -0.37    0.92
 20      1.46  319.21    2.73     0.15  380.01    0.11     0.83   -3.55    0.85
 21      1.42  340.81    2.63     0.15  381.98    0.11     0.80   -3.72    0.80
 22      1.38  358.53    2.54     0.13  416.56    0.10     0.77   -1.08    0.76
 23      1.35  380.68    2.44     0.13  435.03    0.09     0.75   12.68    0.75
 24      1.29  398.98    2.30     0.13  453.75    0.09     0.74   24.91    0.73
 25      1.26  418.87    2.22     0.12  468.24    0.08     0.72   33.38    0.70
 26      1.25  424.75    2.20     0.12  480.50    0.08     0.70   42.11    0.68
 27      1.15  463.73    1.95     0.11  498.85    0.08     0.68   55.13    0.65
 28      1.07  494.72    1.77     0.10  519.73    0.07     0.66   61.65    0.63
 29      1.01  516.29    1.64     0.10  564.13    0.06     0.65   73.09    0.61
 30      0.96  535.95    1.53     0.09  573.02    0.06     0.63   84.86    0.58
 31      0.92  554.85    1.43     0.09  585.43    0.05     0.62   90.27    0.57
 32      0.88  573.23    1.33     0.09  600.48    0.05     0.62   94.05    0.56
 33      0.83  592.32    1.24     0.09  608.67    0.05     0.62   94.02    0.56
 34      0.79  610.54    1.15     0.09  609.31    0.05     0.62   93.78    0.57
 35      0.74  627.36    1.06     0.10  634.74    0.04     0.64   87.21    0.57
 36      0.70  643.69    0.98     0.17  486.46    0.12     0.66   75.76    0.60
 37      0.66  659.84    0.91     0.19  454.63    0.15     0.66   73.34    0.60
 38      0.63  675.82    0.84     0.21  453.22    0.18     0.66   62.27    0.60
 39      0.59  690.86    0.78     0.21  460.99    0.20     0.63   60.43    0.59
 40      0.56  704.78    0.72     0.21  462.49    0.19     0.59   60.65    0.56
 41      0.53  718.04    0.67     0.21  462.92    0.20     0.57   55.38    0.56
 42      0.50  730.87    0.62     0.20  473.33    0.20     0.54   49.10    0.53
 43      0.48  742.82    0.57     0.20  467.53    0.20     0.51   47.92    0.51
 44      0.45  754.28    0.54     0.19  479.12    0.19     0.49   46.94    0.47
 45      0.43  765.69    0.50     0.17  499.18    0.18     0.40   54.78    0.43
 46      0.41  777.11    0.47     0.13  547.53    0.15     0.40   55.89    0.43
 47      0.39  787.51    0.44     0.11  547.72    0.13     0.35   64.03    0.39
 48      0.37  797.06    0.41     0.10  551.10    0.13     0.32   71.83    0.37
 49      0.36  806.95    0.38     0.10  511.48    0.13     0.29   83.19    0.34
 50      0.34  816.86    0.36     0.09  478.60    0.09     0.26   91.44    0.32
 51      0.33  825.92    0.34     0.09  390.16    0.10     0.24  104.35    0.30
 52      0.32  834.33    0.32     0.09  328.83    0.12     0.22  113.46    0.28
 53      0.30  842.26    0.30     0.09  200.76    0.13     0.20  126.78    0.27
 54      0.29  849.94    0.29     0.08  142.66    0.15     0.18  139.01    0.24
 55      0.28  857.54    0.27     0.08  119.20    0.14     0.17  160.17    0.23
 56      0.27  864.47    0.25     0.08   42.05    0.11     0.16  174.41    0.21
 57      0.26  873.23    0.24     0.07  -54.45    0.09     0.15  192.28    0.20
 58      0.25  877.79    0.23     0.06 -111.10    0.06     0.14  215.99    0.18
 59      0.24  887.12    0.21     0.06 -126.59    0.06     0.13  237.04    0.16
 60      0.23  889.99    0.21     0.06 -137.25    0.06     0.12  269.85    0.14
 61      0.22  902.08    0.19     0.06 -129.98    0.07     0.10  317.31    0.12
 62      0.21  895.08    0.19     0.06 -132.90    0.07     0.09  326.56    0.11
 63      0.20  923.33    0.16     0.07 -115.15    0.09     0.09  310.92    0.11
 64      0.20  921.52    0.16     0.08  -93.56    0.11     0.08  306.12    0.11

